20
15
0 1 2 2 0 2 2
3 0 3
4 5 5 6 7 3 4 5 5 5
7 7 0 4 4 7 4
8 9 9 9 10 7 6 1 7 10 8 9 9 11 10 7 6 1 7 10 7 6 1 7 10
2 11 1 8 11 8 9 12 5 11 8 9 7 9
8
12 12 8 12 0 12 4 6 5 2 10 0 3 3 0
13 2 2 2 12 4 13 2 2 2 12 4
10 5 2 12 4 12 1 9 2 10 10 14
0 3 9 0 14 9 9 9 11 3 0 14 14
14 7 1 1 1 1 7 9 2 7 9 9
9 3 10 9 3 9
4 10 5
10 7 10 10 12 12 12 12 10
10 4 7 4 5 9 13 10 10 5 9 13
3 6 13 7 11
10 5 7 11 12 1 9 10 11 9 14 1 0 8 10 11
3 2 3 3 7 3 11 13 0 4 4 13 9 10 1 1 9 4 6 6 6 7
10 7 12 6 6 7 13 7 14 7 7 7 10 12 10

