0 1 2 2 3 4 5 6 1 7 1 8 9 11 12 13 
14 15 17 19 20 21 22 19 19 
23 22 24 25 26 25 23 27 23 28 29 29 
30 32 30 24 21 2 34 30 35 36 30 30 37 38 
17 37 39 40 41 37 42 42 4 8 42 8 32 4 44 35 32 42 
15 15 25 25 45 47 39 25 8 9 15 0 12 13 48 8 9 19 
40 49 25 15 48 8 13 48 50 36 15 42 51 50 15 36 13 49 48 1 15 0 39 11 14 
49 14 15 8 53 2 23 22 2 19 14 15 23 22 37 55 37 11 26 
56 57 8 58 41 24 60 60 2 36 8 51 
13 57 8 13 13 24 4 60 61 62 
61 39 13 63 57 53 12 0 13 24 42 42 45 64 6 65 42 13 13 11 8 9 62 
30 30 38 60 66 8 58 13 60 47 
53 67 53 67 55 37 26 29 
5 6 68 
25 13 69 24 25 
27 17 40 61 27 5 6 69 61 21 61 48 15 42 42 27 42 2 64 34 4 13 25 48 44 48 8 48 
40 57 34 3 21 72 25 63 19 21 68 44 13 8 
13 73 73 13 25 55 25 75 75 76 64 66 22 72 68 8 9 44 8 
75 72 73 37 1 75 34 75 61 75 34 42 42 48 36 42 34 42 7 72 42 45 72 9 42 45 5 6 26 14 0 
28 61 38 11 8 
17 69 69 69 34 73 57 0 37 22 77 23 38 44 8 9 13 66 41 13 25 
56 0 41 78 2 7 0 0 0 51 11 44 8 8 
56 40 75 37 34 27 48 0 34 42 8 2 4 8 11 0 
65 47 69 58 24 30 58 30 11 75 11 41 
42 30 56 30 42 42 35 53 42 42 45 65 34 75 42 42 30 42 42 73 0 75 53 42 9 2 
23 22 23 22 79 48 29 
63 53 63 53 42 55 25 24 26 25 76 
39 40 53 39 40 53 64 20 21 64 64 0 64 
79 25 
77 42 23 22 28 22 
17 15 63 5 6 48 8 9 32 66 67 67 8 
66 
21 69 28 41 42 20 5 6 68 13 51 8 9 13 
67 78 30 25 38 41 24 47 8 13 13 47 13 25 30 38 13 62 
76 12 67 19 76 79 67 72 42 29 7 72 62 
14 66 27 77 41 51 0 2 49 69 29 61 
77 77 77 30 55 2 30 3 30 42 1 30 42 42 49 30 30 30 
28 3 78 40 36 60 66 77 77 75 0 75 
15 15 15 15 15 
30 30 30 65 30 42 30 
77 77 77 47 75 65 
45 24 27 20 4 21 72 2 75 79 2 42 2 
13 25 13 25 63 75 76 48 13 25 
32 26 75 26 35 2 2 26 32 26 75 65 65 32 75 75 51 42 
8 4 2 13 48 65 64 0 13 
60 2 58 60 2 58 58 2 58 2 58 50 
60 13 12 
78 5 6 24 21 6 2 2 69 37 19 72 5 6 42 2 42 42 45 68 42 
15 15 58 42 20 15 40 24 78 26 1 15 37 35 77 47 57 21 47 77 35 48 
51 51 51 23 22 42 77 75 24 73 34 51 21 49 17 42 69 2 23 22 2 37 42 73 51 73 
56 50 15 40 3 14 15 34 44 42 41 34 7 69 34 8 58 51 
79 15 69 69 79 45 63 50 15 39 21 69 63 50 15 8 9 
50 15 39 40 50 15 3 15 50 15 7 76 50 15 50 15 40 40 40 32 67 62 
