53
84
0 1 2 2 3 4 5 6 1 7 1 8 9 10 11 12
13 14 15 16 17 18 19 16 16
20 21 22 23 24 25 20 26 20 27 28 28
29 30 31 32 18 2 33 31 34 35 29 29 36 37
15 36 38 39 40 36 41 42 4 43 44 43 30 4 45 34 30 41
14 46 25 23 47 48 38 23 49 9 14 0 11 12 50 49 9 16
39 51 23 52 53 49 54 53 55 35 52 41 56 55 52 35 57 51 50 1 46 58 38 10 13
51 13 14 49 59 2 20 19 2 16 13 14 20 21 36 60 36 10 24
61 62 43 63 40 22 64 64 2 35 8 56
12 62 49 54 12 32 4 64 65 66
65 38 57 67 62 59 11 0 57 32 44 44 47 68 6 69 41 57 57 10 49 9 66
31 31 37 64 70 8 63 12 64 48
59 71 59 71 60 36 24 28
5 6 72
25 12 73 22 25
26 15 39 65 26 5 6 74 65 18 65 50 46 41 44 26 41 2 68 33 4 57 25 50 45 53 43 53
39 62 33 3 18 75 23 67 16 18 72 45 54 43
12 76 76 57 25 60 23 77 77 78 68 70 21 75 72 49 9 45 8
77 75 76 36 1 77 33 77 65 79 33 41 41 53 35 42 33 44 7 75 42 47 75 9 42 47 5 6 24 13 58
27 65 37 10 43
15 73 74 74 33 76 62 58 36 21 80 20 37 45 8 9 54 70 40 12 25
61 58 40 81 2 7 58 58 58 56 10 45 8 8
61 39 79 36 33 26 50 58 33 41 43 2 4 43 10 0
69 48 73 63 22 31 63 29 10 77 10 40
42 29 61 31 41 41 34 59 42 42 47 69 33 79 42 42 31 41 42 76 0 79 59 42 9 2
20 19 20 21 82 53 28
67 59 67 59 41 60 25 32 24 25 78
38 39 59 38 39 59 68 17 18 68 68 58 68
82 25
83 44 20 19 27 21
15 46 67 5 6 50 43 9 30 70 71 71 43
70
18 74 27 40 41 17 5 6 72 57 56 8 9 54
71 81 31 25 37 40 32 48 43 54 57 48 57 25 31 37 57 66
78 11 71 16 78 82 71 75 44 28 7 75 66
13 70 26 83 40 56 0 2 51 74 28 65
83 83 80 31 60 2 29 3 29 41 1 29 44 44 51 31 31 31
27 3 81 39 35 64 70 80 83 77 0 77
14 52 52 46 14
29 29 29 69 31 44 31
83 83 83 48 79 69
47 32 26 17 4 18 75 2 79 82 2 44 2
57 25 57 25 67 77 78 53 12 25
30 24 79 24 34 2 2 24 30 24 79 69 69 30 79 79 56 41
43 4 2 57 50 69 68 58 57
64 2 63 64 2 63 63 2 63 2 63 55
64 57 11
81 5 6 22 18 6 2 2 73 36 16 75 5 6 41 2 41 42 47 72 44
14 14 63 44 17 52 39 32 81 24 1 46 36 34 83 48 62 18 48 80 34 53
56 56 56 20 19 44 80 77 22 76 33 56 18 51 15 41 73 2 20 21 2 36 42 76 56 76
61 55 52 39 3 13 14 33 45 44 40 33 7 74 33 8 63 56
82 14 74 74 82 47 67 55 52 38 18 74 67 55 52 49 9
55 52 38 39 55 52 3 14 55 52 7 78 55 52 55 52 39 39 39 30 71 66

